20
packarb_bell 40 30 40 2000 0 43000
hp 40 30 40 2000 500 43000
lenovo 45 35 45 3500 0 70000
lenovo 45 35 45 3500 500 8000
lenovo 45 35 45 3500 0 1000000
packarb_bell 40 30 40 2000 0 43000
hp 40 30 40 2000 500 43000
lenovo 45 35 45 3500 0 70000
lenovo 45 35 45 3500 500 8000
lenovo 45 35 45 3500 0 1000000
packarb_bell 40 30 40 2000 0 43000
hp 40 30 40 2000 500 43000
lenovo 45 35 45 3500 0 70000
lenovo 45 35 45 3500 500 8000
lenovo 45 35 45 3500 0 1000000
packarb_bell 40 30 40 2000 0 43000
hp 40 30 40 2000 500 43000
lenovo 45 35 45 3500 0 70000
lenovo 45 35 45 3500 500 8000
lenovo 45 35 45 3500 0 1000000